,Unnamed: 0,Random_Id,data,date_iso8601,event_color,event_date,event_name,formatted_date,instance_question_id,instructor_question_number,qid,question_id,student_question_number,submission_id,variant_id,variant_number
0,0,134,,2020-10-18T11:22:40-07,gray3,2020-10-18T18:22:40.390Z,Begin,2020-10-18 11:22:40 (PDT),,,,,,,,
1,1,134,,2020-10-18T11:22:40-07,green1,2020-10-18T18:22:40.476Z,View assessment overview,2020-10-18 11:22:40 (PDT),,,,,,,,
2,2,134,"{'params': {}, 'options': {}, 'true_answer': {}, 'variant_seed': '149lp8g'}",2020-10-18T11:22:46-07,gray1,2020-10-18T18:22:46.988Z,New variant,2020-10-18 11:22:46 (PDT),114422.0,1.0,PLEDGE,1046.0,1.0,,73932.0,1.0
3,3,134,,2020-10-18T11:22:47-07,green3,2020-10-18T18:22:47.027Z,View variant,2020-10-18 11:22:47 (PDT),114422.0,1.0,PLEDGE,1046.0,1.0,,73932.0,1.0
4,4,134,"{'correct': True, 'submitted_answer': {'pledge': 'Isaac Lucero'}}",2020-10-18T11:22:58-07,blue3,2020-10-18T18:22:58.958Z,Submission,2020-10-18 11:22:58 (PDT),114422.0,1.0,PLEDGE,1046.0,1.0,115262.0,73932.0,1.0
5,5,134,,2020-10-18T11:22:59-07,green3,2020-10-18T18:22:59.067Z,View variant,2020-10-18 11:22:59 (PDT),114422.0,1.0,PLEDGE,1046.0,1.0,,73932.0,1.0
6,6,134,"{'params': {}, 'options': {}, 'true_answer': {}, 'variant_seed': '1ph0vh'}",2020-10-18T11:23:02-07,gray1,2020-10-18T18:23:02.042Z,New variant,2020-10-18 11:23:02 (PDT),114423.0,2.0,SURVEY,1372.0,2.0,,73934.0,1.0
7,7,134,,2020-10-18T11:23:02-07,green3,2020-10-18T18:23:02.095Z,View variant,2020-10-18 11:23:02 (PDT),114423.0,2.0,SURVEY,1372.0,2.0,,73934.0,1.0
8,8,134,,2020-10-18T11:23:12-07,green1,2020-10-18T18:23:12.380Z,View assessment overview,2020-10-18 11:23:12 (PDT),,,,,,,,
9,9,134,,2020-10-18T11:23:15-07,green3,2020-10-18T18:23:15.463Z,View variant,2020-10-18 11:23:15 (PDT),114423.0,2.0,SURVEY,1372.0,2.0,,73934.0,1.0
10,10,134,"{'correct': True, 'submitted_answer': {'survey': 'Turing'}}",2020-10-18T11:48:56-07,blue3,2020-10-18T18:48:56.949Z,Submission,2020-10-18 11:48:56 (PDT),114423.0,2.0,SURVEY,1372.0,2.0,115351.0,73934.0,1.0
11,11,134,,2020-10-18T11:48:57-07,green3,2020-10-18T18:48:57.058Z,View variant,2020-10-18 11:48:57 (PDT),114423.0,2.0,SURVEY,1372.0,2.0,,73934.0,1.0
12,12,134,"{'params': {'t': [{'key': 'a', 'html': 'The benefit of doing work online is that the digital “bits” you leave behind aren’t valuable to anyone.'}, {'key': 'b', 'html': 'Sharing information over a network means you give up control over that information — forever'}, {'key': 'c', 'html': 'With the right software and configuration, you can be anonymous when you’re online.'}, {'key': 'd', 'html': 'To remove something that has been shared (via social media), you just have to “unshare” it, and it’s gone from any computer that had originally had access.'}, {'key': 'e', 'html': 'None of the above'}]}, 'options': {}, 'true_answer': {'t': {'key': 'b', 'html': 'Sharing information over a network means you give up control over that information — forever'}}, 'variant_seed': 'jlkddo'}",2020-10-18T11:48:59-07,gray1,2020-10-18T18:48:59.642Z,New variant,2020-10-18 11:48:59 (PDT),114424.0,3.0,lecture/privacy,1029.0,3.0,,74001.0,1.0
13,13,134,,2020-10-18T11:48:59-07,green3,2020-10-18T18:48:59.681Z,View variant,2020-10-18 11:48:59 (PDT),114424.0,3.0,lecture/privacy,1029.0,3.0,,74001.0,1.0
14,14,134,,2020-10-18T11:52:00-07,green1,2020-10-18T18:52:00.126Z,View assessment overview,2020-10-18 11:52:00 (PDT),,,,,,,,
15,15,134,,2020-10-18T11:52:02-07,green3,2020-10-18T18:52:02.610Z,View variant,2020-10-18 11:52:02 (PDT),114423.0,2.0,SURVEY,1372.0,2.0,,73934.0,1.0
16,16,134,,2020-10-18T11:52:04-07,green3,2020-10-18T18:52:04.545Z,View variant,2020-10-18 11:52:04 (PDT),114424.0,3.0,lecture/privacy,1029.0,3.0,,74001.0,1.0
17,17,134,"{'correct': True, 'submitted_answer': {'t': 'b'}}",2020-10-18T11:52:31-07,blue3,2020-10-18T18:52:31.118Z,Submission,2020-10-18 11:52:31 (PDT),114424.0,3.0,lecture/privacy,1029.0,3.0,115363.0,74001.0,1.0
18,18,134,,2020-10-18T11:52:31-07,green3,2020-10-18T18:52:31.229Z,View variant,2020-10-18 11:52:31 (PDT),114424.0,3.0,lecture/privacy,1029.0,3.0,,74001.0,1.0
19,19,134,"{'params': {'0': [{'key': 'a', 'html': 'OOP programming is the most powerful'}, {'key': 'b', 'html': 'Algorithms can <i>adapt</i>, like a living thing'}, {'key': 'c', 'html': 'Declarative programming is the most powerful'}, {'key': 'd', 'html': 'Python is considered Turing Complete because it’s easy to use.'}, {'key': 'e', 'html': 'None of the above'}]}, 'options': {}, 'true_answer': {'0': {'key': 'b', 'html': 'Algorithms can <i>adapt</i>, like a living thing'}}, 'variant_seed': '1dysaa8'}",2020-10-18T11:52:33-07,gray1,2020-10-18T18:52:33.191Z,New variant,2020-10-18 11:52:33 (PDT),114425.0,4.0,lecture/algorithms,1373.0,4.0,,74008.0,1.0
20,20,134,,2020-10-18T11:52:33-07,green3,2020-10-18T18:52:33.233Z,View variant,2020-10-18 11:52:33 (PDT),114425.0,4.0,lecture/algorithms,1373.0,4.0,,74008.0,1.0
21,21,134,"{'correct': True, 'submitted_answer': {'0': 'b'}}",2020-10-18T11:57:37-07,blue3,2020-10-18T18:57:37.591Z,Submission,2020-10-18 11:57:37 (PDT),114425.0,4.0,lecture/algorithms,1373.0,4.0,115394.0,74008.0,1.0
22,22,134,,2020-10-18T11:57:37-07,green3,2020-10-18T18:57:37.734Z,View variant,2020-10-18 11:57:37 (PDT),114425.0,4.0,lecture/algorithms,1373.0,4.0,,74008.0,1.0
23,23,134,"{'params': {'0': [{'key': 'a', 'html': 'If <pl-figure file-name=""remove-duplicate-6232.png"" inline=""true"" width=""250""></pl-figure> returns <pl-figure file-name=""list-623.png"" inline=""true"" width=""120""></pl-figure> we know our code is written correctly'}, {'key': 'b', 'html': 'If <pl-figure file-name=""remove-duplicates.png"" inline=""true"" width=""170""></pl-figure> had been written as a command block, it would have been easier to test'}, {'key': 'c', 'html': 'If you adhere to good abstractions and proper functional decomposition, you’ll end up with monolithic code'}, {'key': 'd', 'html': 'Test-driven development is when you write tests first'}, {'key': 'e', 'html': 'None of the above'}]}, 'options': {}, 'true_answer': {'0': {'key': 'd', 'html': 'Test-driven development is when you write tests first'}}, 'variant_seed': '1uh1992'}",2020-10-18T11:57:39-07,gray1,2020-10-18T18:57:39.574Z,New variant,2020-10-18 11:57:39 (PDT),114426.0,5.0,lecture/testing+2048,1375.0,5.0,,74034.0,1.0
24,24,134,,2020-10-18T11:57:39-07,green3,2020-10-18T18:57:39.642Z,View variant,2020-10-18 11:57:39 (PDT),114426.0,5.0,lecture/testing+2048,1375.0,5.0,,74034.0,1.0
25,25,134,"{'correct': True, 'submitted_answer': {'0': 'd'}}",2020-10-18T12:01:04-07,blue3,2020-10-18T19:01:04.035Z,Submission,2020-10-18 12:01:04 (PDT),114426.0,5.0,lecture/testing+2048,1375.0,5.0,115399.0,74034.0,1.0
26,26,134,,2020-10-18T12:01:04-07,green3,2020-10-18T19:01:04.170Z,View variant,2020-10-18 12:01:04 (PDT),114426.0,5.0,lecture/testing+2048,1375.0,5.0,,74034.0,1.0
27,27,134,"{'params': {'0': [{'key': 'a', 'html': 'Self-driving cars is the most significant assistive technology available today.'}, {'key': 'b', 'html': 'Wheelchairs is the most significant assistive technology available today.'}, {'key': 'c', 'html': 'Augmented Reality (E.g., seeing computer-generated in your field of view, like Google Glass) is the most significant assistive technology available today.'}, {'key': 'd', 'html': 'According to Prof Brian Harvey, Word Processing is the most important use of computers in education so far.'}, {'key': 'e', 'html': 'None of the above'}]}, 'options': {}, 'true_answer': {'0': {'key': 'b', 'html': 'Wheelchairs is the most significant assistive technology available today.'}}, 'variant_seed': 'e3rsrr'}",2020-10-18T12:01:06-07,gray1,2020-10-18T19:01:06.617Z,New variant,2020-10-18 12:01:06 (PDT),114427.0,6.0,lecture/global-impact,1374.0,6.0,,74039.0,1.0
28,28,134,,2020-10-18T12:01:06-07,green3,2020-10-18T19:01:06.665Z,View variant,2020-10-18 12:01:06 (PDT),114427.0,6.0,lecture/global-impact,1374.0,6.0,,74039.0,1.0
29,29,134,"{'correct': True, 'submitted_answer': {'0': 'b'}}",2020-10-18T12:04:19-07,blue3,2020-10-18T19:04:19.972Z,Submission,2020-10-18 12:04:19 (PDT),114427.0,6.0,lecture/global-impact,1374.0,6.0,115420.0,74039.0,1.0
30,30,134,,2020-10-18T12:04:20-07,green3,2020-10-18T19:04:20.157Z,View variant,2020-10-18 12:04:20 (PDT),114427.0,6.0,lecture/global-impact,1374.0,6.0,,74039.0,1.0
31,31,134,"{'params': {'b': [{'key': 'a', 'html': '\n        86$_{ 10 }$\n    '}, {'key': 'b', 'html': '\n        82$_{ 10 }$\n    '}, {'key': 'c', 'html': ' \n        80$_{ 10 }$\n    '}, {'key': 'd', 'html': '\n        72$_{ 10 }$\n    '}, {'key': 'e', 'html': '\n        78$_{ 10 }$\n    '}, {'key': 'f', 'html': '\n        74$_{ 10 }$\n    '}, {'key': 'g', 'html': '\n        76$_{ 10 }$\n    '}, {'key': 'h', 'html': '\n        84$_{ 10 }$\n    '}], 'i0': 86, 'i1': 84, 'i2': 82, 'i3': 78, 'i4': 76, 'i5': 74, 'i6': 72, 'Base1': '2', 'Base2': '16', 'Base3': '10', 'Number1': 8, 'Number2': 10, 'solution': '80', 'Converted_Number1': '1000', 'Converted_Number2': 'A'}, 'options': {}, 'true_answer': {'b': {'key': 'c', 'html': ' \n        80$_{ 10 }$\n    '}}, 'variant_seed': 'nx268s'}",2020-10-18T12:04:21-07,gray1,2020-10-18T19:04:21.807Z,New variant,2020-10-18 12:04:21 (PDT),114428.0,7.0,number-multiplication,167.0,7.0,,74044.0,1.0
32,32,134,,2020-10-18T12:04:21-07,green3,2020-10-18T19:04:21.869Z,View variant,2020-10-18 12:04:21 (PDT),114428.0,7.0,number-multiplication,167.0,7.0,,74044.0,1.0
33,33,134,"{'correct': True, 'submitted_answer': {'b': 'c'}}",2020-10-18T12:08:31-07,blue3,2020-10-18T19:08:31.536Z,Submission,2020-10-18 12:08:31 (PDT),114428.0,7.0,number-multiplication,167.0,7.0,115434.0,74044.0,1.0
34,34,134,,2020-10-18T12:08:31-07,green3,2020-10-18T19:08:31.679Z,View variant,2020-10-18 12:08:31 (PDT),114428.0,7.0,number-multiplication,167.0,7.0,,74044.0,1.0
35,35,134,"{'params': {'a': [{'key': 'a', 'html': '\n            Imperative\n        '}, {'key': 'b', 'html': '\n            Object-Oriented\n        '}, {'key': 'c', 'html': '\n            Functional\n        '}, {'key': 'd', 'html': ' \n            Declarative\n        '}], 'b': [{'key': 'a', 'html': '\n            Imperative\n        '}, {'key': 'b', 'html': ' \n            Declarative\n        '}, {'key': 'c', 'html': '\n            Functional\n        '}, {'key': 'd', 'html': '\n            Object-Oriented\n        '}], 'c': [{'key': 'a', 'html': '\n            Object-Oriented\n        '}, {'key': 'b', 'html': ' \n            Declarative\n        '}, {'key': 'c', 'html': '\n            Functional\n        '}, {'key': 'd', 'html': '\n            Imperative\n        '}], 'd': [{'key': 'a', 'html': '\n            Object-Oriented\n        '}, {'key': 'b', 'html': ' \n            Declarative\n        '}, {'key': 'c', 'html': '\n            Imperative\n        '}, {'key': 'd', 'html': '\n            Functional\n        '}], 'Answer1': 'Declarative', 'Answer2': 'Object-Oriented', 'Answer3': 'Imperative', 'Answer4': 'Functional', 'Question1': '<pl-figure file-name=""declarative-1.png"" inline=""true"" width=""250""></pl-figure>', 'Question2': '<pl-figure file-name=""oop-1.png"" inline=""true"" width=""250""></pl-figure>', 'Question3': '<pl-figure file-name=""imperative-3.png"" inline=""true"" width=""250""></pl-figure>', 'Question4': '<pl-figure file-name=""func-1.png"" inline=""true"" width=""250""></pl-figure>'}, 'options': {}, 'true_answer': {'a': {'key': 'd', 'html': ' \n            Declarative\n        '}, 'b': {'key': 'd', 'html': '\n            Object-Oriented\n        '}, 'c': {'key': 'd', 'html': '\n            Imperative\n        '}, 'd': {'key': 'd', 'html': '\n            Functional\n        '}}, 'variant_seed': '1291781'}",2020-10-18T12:08:34-07,gray1,2020-10-18T19:08:34.216Z,New variant,2020-10-18 12:08:34 (PDT),114429.0,8.0,programming-paradigm,168.0,8.0,,74060.0,1.0
36,36,134,,2020-10-18T12:08:34-07,green3,2020-10-18T19:08:34.334Z,View variant,2020-10-18 12:08:34 (PDT),114429.0,8.0,programming-paradigm,168.0,8.0,,74060.0,1.0
37,37,134,"{'correct': True, 'submitted_answer': {'a': 'd', 'b': 'd', 'c': 'd', 'd': 'd'}}",2020-10-18T12:29:02-07,blue3,2020-10-18T19:29:02.004Z,Submission,2020-10-18 12:29:02 (PDT),114429.0,8.0,programming-paradigm,168.0,8.0,115511.0,74060.0,1.0
38,38,134,,2020-10-18T12:29:02-07,green3,2020-10-18T19:29:02.720Z,View variant,2020-10-18 12:29:02 (PDT),114429.0,8.0,programming-paradigm,168.0,8.0,,74060.0,1.0
39,39,134,"{'params': {'a0': '$A - (B \\times C)$', 'a1': '$A \\times C$', 'a2': '$A^C$', 'a3': '$C - B$', 'a4': '$(A \\times B) \\times C$', 'a5': '$B \\times C$', 'acc': [{'key': 'a', 'html': '$B \\times C$'}, {'key': 'b', 'html': '$(A \\times B) \\times C$'}, {'key': 'c', 'html': 'The sum of all the numbers from A to B'}, {'key': 'd', 'html': '$C - B$'}, {'key': 'e', 'html': 'Error'}, {'key': 'f', 'html': '$A \\times C$'}, {'key': 'g', 'html': 'Infinite Loop'}, {'key': 'h', 'html': '$A^C$'}, {'key': 'i', 'html': '$A - (B \\times C)$'}], 'code': 'minus1.png'}, 'options': {}, 'true_answer': {'acc': {'key': 'i', 'html': '$A - (B \\times C)$'}}, 'variant_seed': 'asw7uu'}",2020-10-18T12:29:05-07,gray1,2020-10-18T19:29:05.398Z,New variant,2020-10-18 12:29:05 (PDT),114430.0,9.0,snap/iteration/mystery-equation-v2,214.0,9.0,,74115.0,1.0
40,40,134,,2020-10-18T12:29:05-07,green3,2020-10-18T19:29:05.449Z,View variant,2020-10-18 12:29:05 (PDT),114430.0,9.0,snap/iteration/mystery-equation-v2,214.0,9.0,,74115.0,1.0
41,41,134,"{'correct': True, 'submitted_answer': {'acc': 'i'}}",2020-10-18T12:34:49-07,blue3,2020-10-18T19:34:49.898Z,Submission,2020-10-18 12:34:49 (PDT),114430.0,9.0,snap/iteration/mystery-equation-v2,214.0,9.0,115530.0,74115.0,1.0
42,42,134,,2020-10-18T12:34:51-07,green3,2020-10-18T19:34:51.165Z,View variant,2020-10-18 12:34:51 (PDT),114430.0,9.0,snap/iteration/mystery-equation-v2,214.0,9.0,,74115.0,1.0
43,43,134,"{'params': {'0': [{'key': 'a', 'html': '<pl-figure file-name=""combine-L-length.png"" inline=""true"" width=""450""></pl-figure>'}, {'key': 'b', 'html': '<pl-figure file-name=""length-text-L&gt;4.png"" inline=""true"" width=""300""></pl-figure>'}, {'key': 'c', 'html': '<pl-figure file-name=""list-length-text-L&gt;4.png"" inline=""true"" width=""300""></pl-figure>'}, {'key': 'd', 'html': '<pl-figure file-name=""map-length&gt;4.png"" inline=""true"" width=""450""></pl-figure>'}, {'key': 'e', 'html': '<pl-figure file-name=""correct.png"" inline=""true"" width=""450""></pl-figure>'}], '1': [{'key': 'a', 'html': '<pl-figure file-name=""combine-L-words.png"" inline=""true"" width=""450""></pl-figure>'}, {'key': 'b', 'html': '<pl-figure file-name=""map-list-words-L.png"" inline=""true"" width=""450""></pl-figure>'}, {'key': 'c', 'html': '<pl-figure file-name=""map-words-L.png"" inline=""true"" width=""450""></pl-figure>'}, {'key': 'd', 'html': '<pl-figure file-name=""map-words-list-L.png"" inline=""true"" width=""450""></pl-figure>'}, {'key': 'e', 'html': '<pl-figure file-name=""keep-words-L.png"" inline=""true"" width=""450""></pl-figure>'}]}, 'options': {}, 'true_answer': {'0': {'key': 'e', 'html': '<pl-figure file-name=""correct.png"" inline=""true"" width=""450""></pl-figure>'}, '1': {'key': 'c', 'html': '<pl-figure file-name=""map-words-L.png"" inline=""true"" width=""450""></pl-figure>'}}, 'variant_seed': '1pv0aqr'}",2020-10-18T12:34:57-07,gray1,2020-10-18T19:34:57.411Z,New variant,2020-10-18 12:34:57 (PDT),114431.0,10.0,snap/HOFs/map-keep,1378.0,10.0,,74140.0,1.0
44,44,134,,2020-10-18T12:34:57-07,green3,2020-10-18T19:34:57.516Z,View variant,2020-10-18 12:34:57 (PDT),114431.0,10.0,snap/HOFs/map-keep,1378.0,10.0,,74140.0,1.0
45,45,134,"{'correct': False, 'submitted_answer': {'0': 'e', '1': 'd'}}",2020-10-18T12:48:45-07,blue3,2020-10-18T19:48:45.558Z,Submission,2020-10-18 12:48:45 (PDT),114431.0,10.0,snap/HOFs/map-keep,1378.0,10.0,115578.0,74140.0,1.0
46,46,134,,2020-10-18T12:48:45-07,green3,2020-10-18T19:48:45.743Z,View variant,2020-10-18 12:48:45 (PDT),114431.0,10.0,snap/HOFs/map-keep,1378.0,10.0,,74140.0,1.0
47,47,134,"{'params': {'4': [{'key': 'a', 'html': '<pl-figure file-name=""word.png"" inline=""true"" width=""50""></pl-figure> cannot be an empty word (length 0), <pl-figure file-name=""n.png"" inline=""true"" width=""30""></pl-figure> = 0'}, {'key': 'b', 'html': '<pl-figure file-name=""word.png"" inline=""true"" width=""50""></pl-figure> cannot be an empty word (length 0), <pl-figure file-name=""n.png"" inline=""true"" width=""30""></pl-figure> &lt; 0'}, {'key': 'c', 'html': '<pl-figure file-name=""word.png"" inline=""true"" width=""50""></pl-figure> cannot be an empty word (length 0), <pl-figure file-name=""n.png"" inline=""true"" width=""30""></pl-figure> &gt; 0'}, {'key': 'd', 'html': '<pl-figure file-name=""word.png"" inline=""true"" width=""50""></pl-figure> cannot be an empty word (length 0), <pl-figure file-name=""n.png"" inline=""true"" width=""30""></pl-figure> &#8804; 0'}, {'key': 'e', 'html': '<pl-figure file-name=""word.png"" inline=""true"" width=""50""></pl-figure> cannot be an empty word (length 0), <pl-figure file-name=""n.png"" inline=""true"" width=""30""></pl-figure> &#8805; 0'}, {'key': 'f', 'html': '<pl-figure file-name=""word.png"" inline=""true"" width=""50""></pl-figure> can be anything, <pl-figure file-name=""n.png"" inline=""true"" width=""30""></pl-figure> = 0'}, {'key': 'g', 'html': '<pl-figure file-name=""word.png"" inline=""true"" width=""50""></pl-figure> can be anything, <pl-figure file-name=""n.png"" inline=""true"" width=""30""></pl-figure> &lt; 0'}, {'key': 'h', 'html': '<pl-figure file-name=""word.png"" inline=""true"" width=""50""></pl-figure> can be anything, <pl-figure file-name=""n.png"" inline=""true"" width=""30""></pl-figure> &gt; 0'}, {'key': 'i', 'html': '<pl-figure file-name=""word.png"" inline=""true"" width=""50""></pl-figure> can be anything, <pl-figure file-name=""n.png"" inline=""true"" width=""30""></pl-figure> &#8804; 0'}, {'key': 'j', 'html': '<pl-figure file-name=""word.png"" inline=""true"" width=""50""></pl-figure> can be anything, <pl-figure file-name=""n.png"" inline=""true"" width=""30""></pl-figure> &#8805; 0'}]}, 'options': {}, 'true_answer': {'1': '1CAL1', '2': '12CAL21', '4': {'key': 'j', 'html': '<pl-figure file-name=""word.png"" inline=""true"" width=""50""></pl-figure> can be anything, <pl-figure file-name=""n.png"" inline=""true"" width=""30""></pl-figure> &#8805; 0'}, '3A': '12345', '3B': '54321'}, 'variant_seed': '2sef4j'}",2020-10-18T12:48:51-07,gray1,2020-10-18T19:48:51.447Z,New variant,2020-10-18 12:48:51 (PDT),114432.0,11.0,snap/recursion/magical-mystery/v1,1381.0,11.0,,74184.0,1.0
48,48,134,,2020-10-18T12:48:51-07,green3,2020-10-18T19:48:51.597Z,View variant,2020-10-18 12:48:51 (PDT),114432.0,11.0,snap/recursion/magical-mystery/v1,1381.0,11.0,,74184.0,1.0
49,49,134,"{'correct': True, 'submitted_answer': {'1': '1CAL1', '2': '12CAL21', '4': 'j', '3A': '12345', '3B': '54321'}}",2020-10-18T12:59:35-07,blue3,2020-10-18T19:59:35.507Z,Submission,2020-10-18 12:59:35 (PDT),114432.0,11.0,snap/recursion/magical-mystery/v1,1381.0,11.0,115623.0,74184.0,1.0
50,50,134,,2020-10-18T12:59:35-07,green3,2020-10-18T19:59:35.781Z,View variant,2020-10-18 12:59:35 (PDT),114432.0,11.0,snap/recursion/magical-mystery/v1,1381.0,11.0,,74184.0,1.0
51,51,134,"{'params': {'1': [{'key': 'a', 'html': 'The elements of <pl-figure file-name=""data.png"" inline=""true"" width=""50""></pl-figure> shuffled randomly'}, {'key': 'b', 'html': 'The numbers from 1 to the length of <pl-figure file-name=""data.png"" inline=""true"" width=""50""></pl-figure> in <i>ascending</i> order'}, {'key': 'c', 'html': 'The elements of <pl-figure file-name=""data.png"" inline=""true"" width=""50""></pl-figure> reversed'}, {'key': 'd', 'html': 'The elements of <pl-figure file-name=""data.png"" inline=""true"" width=""50""></pl-figure> whose value matches the index'}, {'key': 'e', 'html': 'The numbers from 1 to the length of <pl-figure file-name=""data.png"" inline=""true"" width=""50""></pl-figure> in <i>descending</i> order'}], '2': [{'key': 'a', 'html': 'The <i>largest</i> index that is in <pl-figure file-name=""data.png"" inline=""true"" width=""50""></pl-figure>.'}, {'key': 'b', 'html': 'The <i>smallest</i> index, i.e., 1.'}, {'key': 'c', 'html': 'The element at the <i>smallest</i> index that is also in <pl-figure file-name=""data.png"" inline=""true"" width=""50""></pl-figure>.'}, {'key': 'd', 'html': 'The <i>smallest</i> index that is in <pl-figure file-name=""data.png"" inline=""true"" width=""50""></pl-figure>.'}, {'key': 'e', 'html': 'The the <i>largest</i> index, i.e., the length of <pl-figure file-name=""data.png"" inline=""true"" width=""50""></pl-figure>.'}], '3': [{'key': 'a', 'html': 'The elements of <pl-figure file-name=""B.png"" inline=""true"" width=""30""></pl-figure> that are not in <pl-figure file-name=""A.png"" inline=""true"" width=""30""></pl-figure>'}, {'key': 'b', 'html': 'The elements of <pl-figure file-name=""A.png"" inline=""true"" width=""30""></pl-figure>'}, {'key': 'c', 'html': 'The elements that are in both <pl-figure file-name=""A.png"" inline=""true"" width=""30""></pl-figure> and <pl-figure file-name=""B.png"" inline=""true"" width=""30""></pl-figure>'}, {'key': 'd', 'html': 'The elements that are in either <pl-figure file-name=""A.png"" inline=""true"" width=""30""></pl-figure> or <pl-figure file-name=""B.png"" inline=""true"" width=""30""></pl-figure>'}, {'key': 'e', 'html': 'The elements of <pl-figure file-name=""B.png"" inline=""true"" width=""30""></pl-figure>'}], '4': [{'key': 'a', 'html': 'are all true'}, {'key': 'b', 'html': 'have any true values'}, {'key': 'c', 'html': 'have no true values'}, {'key': 'd', 'html': 'are not all true'}, {'key': 'e', 'html': 'have no false values'}], '5': [{'key': 'a', 'html': 'The words with lengths <i>at most as</i> large as their indices. &#8804;'}, {'key': 'b', 'html': 'The words with lengths <i>smaller than</i> their indices. &lt;'}, {'key': 'c', 'html': 'The words with lengths <i>at least as large</i> as their indices. &#8805;'}, {'key': 'd', 'html': 'The words with lengths <i>exactly as large as</i> their indices. ='}, {'key': 'e', 'html': 'The words with lengths <i>larger than</i> their indices. &gt;'}]}, 'options': {}, 'true_answer': {'1': {'key': 'c', 'html': 'The elements of <pl-figure file-name=""data.png"" inline=""true"" width=""50""></pl-figure> reversed'}, '2': {'key': 'c', 'html': 'The element at the <i>smallest</i> index that is also in <pl-figure file-name=""data.png"" inline=""true"" width=""50""></pl-figure>.'}, '3': {'key': 'c', 'html': 'The elements that are in both <pl-figure file-name=""A.png"" inline=""true"" width=""30""></pl-figure> and <pl-figure file-name=""B.png"" inline=""true"" width=""30""></pl-figure>'}, '4': [{'key': 'c', 'html': 'have no true values'}], '5': {'key': 'c', 'html': 'The words with lengths <i>at least as large</i> as their indices. &#8805;'}}, 'variant_seed': '13x89om'}",2020-10-18T12:59:40-07,gray1,2020-10-18T19:59:40.382Z,New variant,2020-10-18 12:59:40 (PDT),114433.0,13.0,snap/HOFs/map-keep-combine,1379.0,12.0,,74223.0,1.0
52,52,134,,2020-10-18T12:59:40-07,green3,2020-10-18T19:59:40.549Z,View variant,2020-10-18 12:59:40 (PDT),114433.0,13.0,snap/HOFs/map-keep-combine,1379.0,12.0,,74223.0,1.0
53,53,134,,2020-10-18T12:59:51-07,green1,2020-10-18T19:59:51.131Z,View assessment overview,2020-10-18 12:59:51 (PDT),,,,,,,,
54,54,134,,2020-10-18T13:00:00-07,green3,2020-10-18T20:00:00.887Z,View variant,2020-10-18 13:00:00 (PDT),114432.0,11.0,snap/recursion/magical-mystery/v1,1381.0,11.0,,74184.0,1.0
55,55,134,,2020-10-18T13:00:02-07,green3,2020-10-18T20:00:02.900Z,View variant,2020-10-18 13:00:02 (PDT),114433.0,13.0,snap/HOFs/map-keep-combine,1379.0,12.0,,74223.0,1.0
56,56,134,"{'correct': False, 'submitted_answer': {'1': 'c', '2': 'a', '3': 'c', '4': 'e', '5': 'e'}}",2020-10-18T14:11:55-07,blue3,2020-10-18T21:11:55.527Z,Submission,2020-10-18 14:11:55 (PDT),114433.0,13.0,snap/HOFs/map-keep-combine,1379.0,12.0,115995.0,74223.0,1.0
57,57,134,,2020-10-18T14:11:55-07,green3,2020-10-18T21:11:55.865Z,View variant,2020-10-18 14:11:55 (PDT),114433.0,13.0,snap/HOFs/map-keep-combine,1379.0,12.0,,74223.0,1.0
58,58,134,"{'params': {'1': [{'key': 'a', 'html': 'Exponential'}, {'key': 'b', 'html': 'Quadratic'}, {'key': 'c', 'html': 'Linear'}, {'key': 'd', 'html': 'Logarithmic'}, {'key': 'e', 'html': 'Constant'}], '2': [{'key': 'a', 'html': 'Exponential'}, {'key': 'b', 'html': 'Quadratic'}, {'key': 'c', 'html': 'Linear'}, {'key': 'd', 'html': 'Logarithmic'}, {'key': 'e', 'html': 'Constant'}], '3': [{'key': 'a', 'html': 'Exponential'}, {'key': 'b', 'html': 'Quadratic'}, {'key': 'c', 'html': 'Linear'}, {'key': 'd', 'html': 'Logarithmic'}, {'key': 'e', 'html': 'Constant'}], '4': [{'key': 'a', 'html': 'Exponential'}, {'key': 'b', 'html': 'Quadratic'}, {'key': 'c', 'html': 'Linear'}, {'key': 'd', 'html': 'Logarithmic'}, {'key': 'e', 'html': 'Constant'}], '5': [{'key': 'a', 'html': 'Exponential'}, {'key': 'b', 'html': 'Quadratic'}, {'key': 'c', 'html': 'Linear'}, {'key': 'd', 'html': 'Logarithmic'}, {'key': 'e', 'html': 'Constant'}]}, 'options': {}, 'true_answer': {'1': {'key': 'b', 'html': 'Quadratic'}, '2': {'key': 'b', 'html': 'Quadratic'}, '3': {'key': 'e', 'html': 'Constant'}, '4': {'key': 'c', 'html': 'Linear'}, '5': {'key': 'd', 'html': 'Logarithmic'}}, 'variant_seed': '1mddodt'}",2020-10-18T14:11:58-07,gray1,2020-10-18T21:11:58.773Z,New variant,2020-10-18 14:11:58 (PDT),114434.0,14.0,snap/complexity,1377.0,13.0,,74466.0,1.0
59,59,134,,2020-10-18T14:11:58-07,green3,2020-10-18T21:11:58.874Z,View variant,2020-10-18 14:11:58 (PDT),114434.0,14.0,snap/complexity,1377.0,13.0,,74466.0,1.0
60,60,134,,2020-10-18T14:12:15-07,green1,2020-10-18T21:12:15.701Z,View assessment overview,2020-10-18 14:12:15 (PDT),,,,,,,,
61,61,134,"{'params': {'c1': [{'key': 'a', 'html': 'True'}, {'key': 'b', 'html': 'False'}], 'c2': [{'key': 'a', 'html': 'True'}, {'key': 'b', 'html': 'False'}], 'c3': [{'key': 'a', 'html': 'True'}, {'key': 'b', 'html': 'False'}], 'turn': 'left', 'direction': 'down'}, 'options': {}, 'true_answer': {'a7': 'checked', 'b6': 'checked', 'b8': 'checked', 'c1': {'key': 'a', 'html': 'True'}, 'c2': {'key': 'a', 'html': 'True'}, 'c3': {'key': 'b', 'html': 'False'}, 'a13': 'checked', 'b12': 'checked'}, 'variant_seed': 'qabenh'}",2020-10-18T14:12:18-07,gray1,2020-10-18T21:12:18.530Z,New variant,2020-10-18 14:12:18 (PDT),114421.0,15.0,snap/logical-procedures/roboto,1380.0,14.0,,74467.0,1.0
62,62,134,,2020-10-18T14:12:18-07,green3,2020-10-18T21:12:18.713Z,View variant,2020-10-18 14:12:18 (PDT),114421.0,15.0,snap/logical-procedures/roboto,1380.0,14.0,,74467.0,1.0
63,63,134,,2020-10-18T14:12:28-07,green3,2020-10-18T21:12:28.433Z,View variant,2020-10-18 14:12:28 (PDT),114434.0,14.0,snap/complexity,1377.0,13.0,,74466.0,1.0
64,64,134,,2020-10-18T14:36:10-07,green1,2020-10-18T21:36:10.090Z,View assessment overview,2020-10-18 14:36:10 (PDT),,,,,,,,
65,65,134,,2020-10-18T14:36:11-07,green3,2020-10-18T21:36:11.617Z,View variant,2020-10-18 14:36:11 (PDT),114422.0,1.0,PLEDGE,1046.0,1.0,,73932.0,1.0
66,66,134,,2020-10-18T14:36:12-07,green3,2020-10-18T21:36:12.813Z,View variant,2020-10-18 14:36:12 (PDT),114423.0,2.0,SURVEY,1372.0,2.0,,73934.0,1.0
67,67,134,,2020-10-18T14:36:14-07,green3,2020-10-18T21:36:14.068Z,View variant,2020-10-18 14:36:14 (PDT),114424.0,3.0,lecture/privacy,1029.0,3.0,,74001.0,1.0
68,68,134,,2020-10-18T14:36:17-07,green3,2020-10-18T21:36:17.211Z,View variant,2020-10-18 14:36:17 (PDT),114425.0,4.0,lecture/algorithms,1373.0,4.0,,74008.0,1.0
69,69,134,,2020-10-18T14:36:18-07,green3,2020-10-18T21:36:18.118Z,View variant,2020-10-18 14:36:18 (PDT),114426.0,5.0,lecture/testing+2048,1375.0,5.0,,74034.0,1.0
70,70,134,,2020-10-18T14:36:18-07,green3,2020-10-18T21:36:18.971Z,View variant,2020-10-18 14:36:18 (PDT),114427.0,6.0,lecture/global-impact,1374.0,6.0,,74039.0,1.0
71,71,134,,2020-10-18T14:36:20-07,green3,2020-10-18T21:36:20.571Z,View variant,2020-10-18 14:36:20 (PDT),114428.0,7.0,number-multiplication,167.0,7.0,,74044.0,1.0
72,72,134,,2020-10-18T14:36:21-07,green3,2020-10-18T21:36:21.956Z,View variant,2020-10-18 14:36:21 (PDT),114429.0,8.0,programming-paradigm,168.0,8.0,,74060.0,1.0
73,73,134,,2020-10-18T14:36:40-07,green1,2020-10-18T21:36:40.550Z,View assessment overview,2020-10-18 14:36:40 (PDT),,,,,,,,
74,74,134,,2020-10-18T14:36:44-07,green3,2020-10-18T21:36:44.127Z,View variant,2020-10-18 14:36:44 (PDT),114434.0,14.0,snap/complexity,1377.0,13.0,,74466.0,1.0
75,75,134,"{'correct': False, 'submitted_answer': {'1': 'b', '2': 'a', '3': 'e', '4': 'c', '5': 'c'}}",2020-10-18T14:45:15-07,blue3,2020-10-18T21:45:15.233Z,Submission,2020-10-18 14:45:15 (PDT),114434.0,14.0,snap/complexity,1377.0,13.0,116151.0,74466.0,1.0
76,76,134,,2020-10-18T14:45:15-07,green3,2020-10-18T21:45:15.446Z,View variant,2020-10-18 14:45:15 (PDT),114434.0,14.0,snap/complexity,1377.0,13.0,,74466.0,1.0
77,77,134,,2020-10-18T14:45:18-07,green3,2020-10-18T21:45:18.414Z,View variant,2020-10-18 14:45:18 (PDT),114421.0,15.0,snap/logical-procedures/roboto,1380.0,14.0,,74467.0,1.0
78,78,134,"{'correct': None, 'submitted_answer': {'a7': 'a7', 'b7': 'b7', 'b8': 'b8', 'c1': 'a', 'c2': 'b', 'c3': 'a', 'a13': 'a13', 'b12': 'b12', 'checkeda7': 'checked', 'checkedb7': 'checked', 'checkedb8': 'checked', 'checkeda13': 'checked', 'checkedb12': 'checked'}}",2020-10-18T15:00:55-07,blue3,2020-10-18T22:00:55.087Z,Submission,2020-10-18 15:00:55 (PDT),114421.0,15.0,snap/logical-procedures/roboto,1380.0,14.0,116241.0,74467.0,1.0
79,79,134,,2020-10-18T15:00:55-07,green3,2020-10-18T22:00:55.420Z,View variant,2020-10-18 15:00:55 (PDT),114421.0,15.0,snap/logical-procedures/roboto,1380.0,14.0,,74467.0,1.0
80,80,134,"{'correct': False, 'submitted_answer': {'a7': 'a7', 'b7': 'b7', 'b8': 'b8', 'c1': 'a', 'c2': 'b', 'c3': 'b', 'a13': 'a13', 'b12': 'b12', 'checkeda7': 'checked', 'checkedb7': 'checked', 'checkedb8': 'checked', 'checkeda13': 'checked', 'checkedb12': 'checked'}}",2020-10-18T15:05:25-07,blue3,2020-10-18T22:05:25.108Z,Submission,2020-10-18 15:05:25 (PDT),114421.0,15.0,snap/logical-procedures/roboto,1380.0,14.0,116287.0,74467.0,1.0
81,81,134,,2020-10-18T15:05:25-07,green3,2020-10-18T22:05:25.969Z,View variant,2020-10-18 15:05:25 (PDT),114421.0,15.0,snap/logical-procedures/roboto,1380.0,14.0,,74467.0,1.0
82,82,134,,2020-10-19T12:15:53-07,green1,2020-10-19T19:15:53.260Z,View assessment overview,2020-10-19 12:15:53 (PDT),,,,,,,,
83,83,134,,2020-10-19T12:15:58-07,green3,2020-10-19T19:15:58.292Z,View variant,2020-10-19 12:15:58 (PDT),114423.0,2.0,SURVEY,1372.0,2.0,,73934.0,1.0
84,84,134,,2020-10-19T12:24:18-07,green1,2020-10-19T19:24:18.484Z,View assessment overview,2020-10-19 12:24:18 (PDT),,,,,,,,
85,85,134,"{'points': 4, 'correct': False, 'max_points': 8, 'score_perc': 50}",2020-10-19T12:24:32-07,brown1,2020-10-19T19:24:32.098Z,Score question,2020-10-19 12:24:32 (PDT),114421.0,15.0,snap/logical-procedures/roboto,1380.0,14.0,,74467.0,1.0
86,86,134,"{'points': 0, 'correct': True, 'max_points': 0, 'score_perc': 0}",2020-10-19T12:24:32-07,brown1,2020-10-19T19:24:32.098Z,Score question,2020-10-19 12:24:32 (PDT),114422.0,1.0,PLEDGE,1046.0,1.0,,73932.0,1.0
87,87,134,"{'points': 0, 'correct': True, 'max_points': 0, 'score_perc': 0}",2020-10-19T12:24:32-07,brown1,2020-10-19T19:24:32.098Z,Score question,2020-10-19 12:24:32 (PDT),114423.0,2.0,SURVEY,1372.0,2.0,,73934.0,1.0
88,88,134,"{'points': 2, 'correct': True, 'max_points': 2, 'score_perc': 100}",2020-10-19T12:24:32-07,brown1,2020-10-19T19:24:32.098Z,Score question,2020-10-19 12:24:32 (PDT),114424.0,3.0,lecture/privacy,1029.0,3.0,,74001.0,1.0
89,89,134,"{'points': 2, 'correct': True, 'max_points': 2, 'score_perc': 100}",2020-10-19T12:24:32-07,brown1,2020-10-19T19:24:32.098Z,Score question,2020-10-19 12:24:32 (PDT),114425.0,4.0,lecture/algorithms,1373.0,4.0,,74008.0,1.0
90,90,134,"{'points': 2, 'correct': True, 'max_points': 2, 'score_perc': 100}",2020-10-19T12:24:32-07,brown1,2020-10-19T19:24:32.098Z,Score question,2020-10-19 12:24:32 (PDT),114426.0,5.0,lecture/testing+2048,1375.0,5.0,,74034.0,1.0
91,91,134,"{'points': 2, 'correct': True, 'max_points': 2, 'score_perc': 100}",2020-10-19T12:24:32-07,brown1,2020-10-19T19:24:32.098Z,Score question,2020-10-19 12:24:32 (PDT),114427.0,6.0,lecture/global-impact,1374.0,6.0,,74039.0,1.0
92,92,134,"{'points': 2, 'correct': True, 'max_points': 2, 'score_perc': 100}",2020-10-19T12:24:32-07,brown1,2020-10-19T19:24:32.098Z,Score question,2020-10-19 12:24:32 (PDT),114428.0,7.0,number-multiplication,167.0,7.0,,74044.0,1.0
93,93,134,"{'points': 4, 'correct': True, 'max_points': 4, 'score_perc': 100}",2020-10-19T12:24:32-07,brown1,2020-10-19T19:24:32.098Z,Score question,2020-10-19 12:24:32 (PDT),114429.0,8.0,programming-paradigm,168.0,8.0,,74060.0,1.0
94,94,134,"{'points': 5, 'correct': True, 'max_points': 5, 'score_perc': 100}",2020-10-19T12:24:32-07,brown1,2020-10-19T19:24:32.098Z,Score question,2020-10-19 12:24:32 (PDT),114430.0,9.0,snap/iteration/mystery-equation-v2,214.0,9.0,,74115.0,1.0
95,95,134,"{'points': 5, 'correct': False, 'max_points': 10, 'score_perc': 50}",2020-10-19T12:24:32-07,brown1,2020-10-19T19:24:32.098Z,Score question,2020-10-19 12:24:32 (PDT),114431.0,10.0,snap/HOFs/map-keep,1378.0,10.0,,74140.0,1.0
96,96,134,"{'points': 8, 'correct': True, 'max_points': 8, 'score_perc': 100}",2020-10-19T12:24:32-07,brown1,2020-10-19T19:24:32.098Z,Score question,2020-10-19 12:24:32 (PDT),114432.0,11.0,snap/recursion/magical-mystery/v1,1381.0,11.0,,74184.0,1.0
97,97,134,"{'points': 4, 'correct': False, 'max_points': 10, 'score_perc': 40}",2020-10-19T12:24:32-07,brown1,2020-10-19T19:24:32.098Z,Score question,2020-10-19 12:24:32 (PDT),114433.0,13.0,snap/HOFs/map-keep-combine,1379.0,12.0,,74223.0,1.0
98,98,134,"{'points': 6, 'correct': False, 'max_points': 10, 'score_perc': 60}",2020-10-19T12:24:32-07,brown1,2020-10-19T19:24:32.098Z,Score question,2020-10-19 12:24:32 (PDT),114434.0,14.0,snap/complexity,1377.0,13.0,,74466.0,1.0
99,99,134,"{'points': 4, 'max_points': 65, 'score_perc': 6.15384615384615}",2020-10-19T12:24:32-07,brown3,2020-10-19T19:24:32.098Z,Score assessment,2020-10-19 12:24:32 (PDT),,,,,,,,
100,100,134,"{'points': 4, 'max_points': 65, 'score_perc': 6.15384615384615}",2020-10-19T12:24:32-07,brown3,2020-10-19T19:24:32.098Z,Score assessment,2020-10-19 12:24:32 (PDT),,,,,,,,
101,101,134,"{'points': 4, 'max_points': 65, 'score_perc': 6.15384615384615}",2020-10-19T12:24:32-07,brown3,2020-10-19T19:24:32.098Z,Score assessment,2020-10-19 12:24:32 (PDT),,,,,,,,
102,102,134,"{'points': 6, 'max_points': 65, 'score_perc': 9.23076923076923}",2020-10-19T12:24:32-07,brown3,2020-10-19T19:24:32.098Z,Score assessment,2020-10-19 12:24:32 (PDT),,,,,,,,
103,103,134,"{'points': 8, 'max_points': 65, 'score_perc': 12.3076923076923}",2020-10-19T12:24:32-07,brown3,2020-10-19T19:24:32.098Z,Score assessment,2020-10-19 12:24:32 (PDT),,,,,,,,
104,104,134,"{'points': 10, 'max_points': 65, 'score_perc': 15.3846153846154}",2020-10-19T12:24:32-07,brown3,2020-10-19T19:24:32.098Z,Score assessment,2020-10-19 12:24:32 (PDT),,,,,,,,
105,105,134,"{'points': 12, 'max_points': 65, 'score_perc': 18.4615384615385}",2020-10-19T12:24:32-07,brown3,2020-10-19T19:24:32.098Z,Score assessment,2020-10-19 12:24:32 (PDT),,,,,,,,
106,106,134,"{'points': 14, 'max_points': 65, 'score_perc': 21.5384615384615}",2020-10-19T12:24:32-07,brown3,2020-10-19T19:24:32.098Z,Score assessment,2020-10-19 12:24:32 (PDT),,,,,,,,
107,107,134,"{'points': 18, 'max_points': 65, 'score_perc': 27.6923076923077}",2020-10-19T12:24:32-07,brown3,2020-10-19T19:24:32.098Z,Score assessment,2020-10-19 12:24:32 (PDT),,,,,,,,
108,108,134,"{'points': 23, 'max_points': 65, 'score_perc': 35.3846153846154}",2020-10-19T12:24:32-07,brown3,2020-10-19T19:24:32.098Z,Score assessment,2020-10-19 12:24:32 (PDT),,,,,,,,
109,109,134,"{'points': 28, 'max_points': 65, 'score_perc': 43.0769230769231}",2020-10-19T12:24:32-07,brown3,2020-10-19T19:24:32.098Z,Score assessment,2020-10-19 12:24:32 (PDT),,,,,,,,
110,110,134,"{'points': 36, 'max_points': 65, 'score_perc': 55.3846153846154}",2020-10-19T12:24:32-07,brown3,2020-10-19T19:24:32.098Z,Score assessment,2020-10-19 12:24:32 (PDT),,,,,,,,
111,111,134,"{'points': 40, 'max_points': 65, 'score_perc': 61.5384615384615}",2020-10-19T12:24:32-07,brown3,2020-10-19T19:24:32.098Z,Score assessment,2020-10-19 12:24:32 (PDT),,,,,,,,
112,112,134,"{'points': 46, 'max_points': 65, 'score_perc': 70.7692307692308}",2020-10-19T12:24:32-07,brown3,2020-10-19T19:24:32.098Z,Score assessment,2020-10-19 12:24:32 (PDT),,,,,,,,
113,113,134,,2020-10-19T12:24:32-07,gray3,2020-10-19T19:24:32.098Z,Close,2020-10-19 12:24:32 (PDT),,,,,,,,
114,114,134,,2020-10-19T12:24:32-07,green1,2020-10-19T19:24:32.749Z,View assessment overview,2020-10-19 12:24:32 (PDT),,,,,,,,
115,115,134,,2020-10-20T08:18:21-07,green1,2020-10-20T15:18:21.770Z,View assessment overview,2020-10-20 08:18:21 (PDT),,,,,,,,
116,116,134,,2020-10-20T08:18:47-07,green3,2020-10-20T15:18:47.622Z,View variant,2020-10-20 08:18:47 (PDT),114434.0,14.0,snap/complexity,1377.0,13.0,,74466.0,1.0
117,117,134,,2020-10-20T08:19:27-07,green1,2020-10-20T15:19:27.396Z,View assessment overview,2020-10-20 08:19:27 (PDT),,,,,,,,
118,118,134,,2020-10-20T08:19:36-07,green3,2020-10-20T15:19:36.762Z,View variant,2020-10-20 08:19:36 (PDT),114433.0,13.0,snap/HOFs/map-keep-combine,1379.0,12.0,,74223.0,1.0
119,119,134,,2020-10-20T08:21:14-07,green1,2020-10-20T15:21:14.783Z,View assessment overview,2020-10-20 08:21:14 (PDT),,,,,,,,
120,120,134,,2020-10-20T08:21:19-07,green3,2020-10-20T15:21:19.234Z,View variant,2020-10-20 08:21:19 (PDT),114431.0,10.0,snap/HOFs/map-keep,1378.0,10.0,,74140.0,1.0
121,121,134,,2020-10-20T08:21:47-07,green1,2020-10-20T15:21:47.678Z,View assessment overview,2020-10-20 08:21:47 (PDT),,,,,,,,
122,122,134,,2020-10-20T08:21:51-07,green3,2020-10-20T15:21:51.334Z,View variant,2020-10-20 08:21:51 (PDT),114421.0,15.0,snap/logical-procedures/roboto,1380.0,14.0,,74467.0,1.0
123,123,134,,2020-10-20T08:22:22-07,green1,2020-10-20T15:22:22.998Z,View assessment overview,2020-10-20 08:22:22 (PDT),,,,,,,,
124,124,134,,2020-10-20T08:22:45-07,green3,2020-10-20T15:22:45.993Z,View variant,2020-10-20 08:22:45 (PDT),114432.0,11.0,snap/recursion/magical-mystery/v1,1381.0,11.0,,74184.0,1.0
125,125,134,,2020-10-20T08:22:54-07,green1,2020-10-20T15:22:54.465Z,View assessment overview,2020-10-20 08:22:54 (PDT),,,,,,,,
126,126,134,,2020-10-20T08:22:56-07,green3,2020-10-20T15:22:56.559Z,View variant,2020-10-20 08:22:56 (PDT),114431.0,10.0,snap/HOFs/map-keep,1378.0,10.0,,74140.0,1.0
127,127,134,,2020-10-20T08:23:20-07,green1,2020-10-20T15:23:20.659Z,View assessment overview,2020-10-20 08:23:20 (PDT),,,,,,,,
128,128,134,,2020-10-20T08:23:39-07,green3,2020-10-20T15:23:39.295Z,View variant,2020-10-20 08:23:39 (PDT),114431.0,10.0,snap/HOFs/map-keep,1378.0,10.0,,74140.0,1.0
129,129,134,,2020-10-20T09:08:04-07,green1,2020-10-20T16:08:04.790Z,View assessment overview,2020-10-20 09:08:04 (PDT),,,,,,,,
130,130,134,,2020-10-20T09:08:33-07,green3,2020-10-20T16:08:33.993Z,View variant,2020-10-20 09:08:33 (PDT),114433.0,13.0,snap/HOFs/map-keep-combine,1379.0,12.0,,74223.0,1.0
131,131,134,,2020-10-20T09:08:35-07,green1,2020-10-20T16:08:35.622Z,View assessment overview,2020-10-20 09:08:35 (PDT),,,,,,,,
132,132,134,,2020-10-20T09:08:38-07,green3,2020-10-20T16:08:38.657Z,View variant,2020-10-20 09:08:38 (PDT),114432.0,11.0,snap/recursion/magical-mystery/v1,1381.0,11.0,,74184.0,1.0
133,133,134,,2020-10-20T09:08:43-07,green1,2020-10-20T16:08:43.788Z,View assessment overview,2020-10-20 09:08:43 (PDT),,,,,,,,
134,134,134,,2020-10-20T09:08:49-07,green3,2020-10-20T16:08:49.852Z,View variant,2020-10-20 09:08:49 (PDT),114431.0,10.0,snap/HOFs/map-keep,1378.0,10.0,,74140.0,1.0
135,135,134,,2020-10-20T09:10:59-07,green1,2020-10-20T16:10:59.273Z,View assessment overview,2020-10-20 09:10:59 (PDT),,,,,,,,
136,136,134,,2020-10-20T09:11:03-07,green3,2020-10-20T16:11:03.005Z,View variant,2020-10-20 09:11:03 (PDT),114433.0,13.0,snap/HOFs/map-keep-combine,1379.0,12.0,,74223.0,1.0
137,137,134,,2020-10-20T09:11:23-07,green1,2020-10-20T16:11:23.912Z,View assessment overview,2020-10-20 09:11:23 (PDT),,,,,,,,
138,138,134,,2020-10-20T09:11:27-07,green3,2020-10-20T16:11:27.178Z,View variant,2020-10-20 09:11:27 (PDT),114434.0,14.0,snap/complexity,1377.0,13.0,,74466.0,1.0
139,139,134,,2020-10-20T09:11:35-07,green1,2020-10-20T16:11:35.720Z,View assessment overview,2020-10-20 09:11:35 (PDT),,,,,,,,
140,140,134,,2020-10-20T09:11:41-07,green3,2020-10-20T16:11:41.066Z,View variant,2020-10-20 09:11:41 (PDT),114430.0,9.0,snap/iteration/mystery-equation-v2,214.0,9.0,,74115.0,1.0
141,141,134,,2020-10-20T09:11:44-07,green1,2020-10-20T16:11:44.314Z,View assessment overview,2020-10-20 09:11:44 (PDT),,,,,,,,
142,142,134,,2020-10-20T09:11:47-07,green3,2020-10-20T16:11:47.603Z,View variant,2020-10-20 09:11:47 (PDT),114429.0,8.0,programming-paradigm,168.0,8.0,,74060.0,1.0
143,143,134,,2020-10-20T09:11:55-07,green1,2020-10-20T16:11:55.197Z,View assessment overview,2020-10-20 09:11:55 (PDT),,,,,,,,
144,144,134,,2020-10-20T09:15:02-07,green1,2020-10-20T16:15:02.766Z,View assessment overview,2020-10-20 09:15:02 (PDT),,,,,,,,
145,145,134,,2020-10-20T09:15:06-07,green3,2020-10-20T16:15:06.585Z,View variant,2020-10-20 09:15:06 (PDT),114431.0,10.0,snap/HOFs/map-keep,1378.0,10.0,,74140.0,1.0
146,146,134,,2020-10-20T09:15:28-07,green1,2020-10-20T16:15:28.904Z,View assessment overview,2020-10-20 09:15:28 (PDT),,,,,,,,
147,147,134,,2020-10-20T09:15:33-07,green3,2020-10-20T16:15:33.256Z,View variant,2020-10-20 09:15:33 (PDT),114433.0,13.0,snap/HOFs/map-keep-combine,1379.0,12.0,,74223.0,1.0
148,148,134,,2020-10-20T09:15:51-07,green1,2020-10-20T16:15:51.883Z,View assessment overview,2020-10-20 09:15:51 (PDT),,,,,,,,
149,149,134,,2020-10-20T09:27:41-07,green3,2020-10-20T16:27:41.174Z,View variant,2020-10-20 09:27:41 (PDT),114433.0,13.0,snap/HOFs/map-keep-combine,1379.0,12.0,,74223.0,1.0
150,150,134,,2020-10-20T15:10:18-07,green1,2020-10-20T22:10:18.735Z,View assessment overview,2020-10-20 15:10:18 (PDT),,,,,,,,
151,151,134,,2020-10-20T15:11:18-07,green3,2020-10-20T22:11:18.056Z,View variant,2020-10-20 15:11:18 (PDT),114431.0,10.0,snap/HOFs/map-keep,1378.0,10.0,,74140.0,1.0
152,152,134,,2020-10-20T15:12:51-07,green1,2020-10-20T22:12:51.833Z,View assessment overview,2020-10-20 15:12:51 (PDT),,,,,,,,
153,153,134,,2020-10-20T15:12:55-07,green3,2020-10-20T22:12:55.374Z,View variant,2020-10-20 15:12:55 (PDT),114433.0,13.0,snap/HOFs/map-keep-combine,1379.0,12.0,,74223.0,1.0
154,154,134,,2020-10-20T15:29:16-07,green1,2020-10-20T22:29:16.680Z,View assessment overview,2020-10-20 15:29:16 (PDT),,,,,,,,
155,155,134,,2020-10-20T15:29:20-07,green3,2020-10-20T22:29:20.322Z,View variant,2020-10-20 15:29:20 (PDT),114434.0,14.0,snap/complexity,1377.0,13.0,,74466.0,1.0
156,156,134,,2020-10-20T15:41:44-07,green1,2020-10-20T22:41:44.520Z,View assessment overview,2020-10-20 15:41:44 (PDT),,,,,,,,
157,157,134,,2020-10-20T15:41:47-07,green3,2020-10-20T22:41:47.340Z,View variant,2020-10-20 15:41:47 (PDT),114421.0,15.0,snap/logical-procedures/roboto,1380.0,14.0,,74467.0,1.0
158,158,134,,2020-10-29T20:18:48-07,green1,2020-10-30T03:18:48.804Z,View assessment overview,2020-10-29 20:18:48 (PDT),,,,,,,,
159,159,134,,2020-11-11T17:54:22-08,green1,2020-11-12T01:54:22.638Z,View assessment overview,2020-11-11 17:54:22 (PST),,,,,,,,
160,160,134,,2020-12-08T21:56:34-08,green1,2020-12-09T05:56:34.997Z,View assessment overview,2020-12-08 21:56:34 (PST),,,,,,,,
161,161,134,,2020-12-08T21:56:48-08,green3,2020-12-09T05:56:48.682Z,View variant,2020-12-08 21:56:48 (PST),114429.0,8.0,programming-paradigm,168.0,8.0,,74060.0,1.0
162,162,134,,2020-12-08T21:57:08-08,green3,2020-12-09T05:57:08.883Z,View variant,2020-12-08 21:57:08 (PST),114430.0,9.0,snap/iteration/mystery-equation-v2,214.0,9.0,,74115.0,1.0
163,163,134,,2020-12-08T21:57:17-08,green3,2020-12-09T05:57:17.455Z,View variant,2020-12-08 21:57:17 (PST),114431.0,10.0,snap/HOFs/map-keep,1378.0,10.0,,74140.0,1.0
164,164,134,,2020-12-08T21:59:40-08,green1,2020-12-09T05:59:40.738Z,View assessment overview,2020-12-08 21:59:40 (PST),,,,,,,,
165,165,134,,2020-12-08T21:59:44-08,green3,2020-12-09T05:59:44.993Z,View variant,2020-12-08 21:59:44 (PST),114431.0,10.0,snap/HOFs/map-keep,1378.0,10.0,,74140.0,1.0
166,166,134,,2020-12-08T22:01:28-08,green3,2020-12-09T06:01:28.462Z,View variant,2020-12-08 22:01:28 (PST),114432.0,11.0,snap/recursion/magical-mystery/v1,1381.0,11.0,,74184.0,1.0
167,167,134,,2020-12-08T22:01:54-08,green3,2020-12-09T06:01:54.639Z,View variant,2020-12-08 22:01:54 (PST),114433.0,13.0,snap/HOFs/map-keep-combine,1379.0,12.0,,74223.0,1.0
168,168,134,,2020-12-08T22:06:24-08,green3,2020-12-09T06:06:24.619Z,View variant,2020-12-08 22:06:24 (PST),114434.0,14.0,snap/complexity,1377.0,13.0,,74466.0,1.0
169,169,134,,2020-12-08T22:09:25-08,green3,2020-12-09T06:09:25.352Z,View variant,2020-12-08 22:09:25 (PST),114421.0,15.0,snap/logical-procedures/roboto,1380.0,14.0,,74467.0,1.0
170,170,134,,2020-12-08T22:11:22-08,green1,2020-12-09T06:11:22.693Z,View assessment overview,2020-12-08 22:11:22 (PST),,,,,,,,
